4.47629		10.39523	2.46163		3.10324		4.15836
4.94795		13.66543	3.81461		3.5728		3.66208
5.69991		5.0231		4.77157		4.07074		5.65654
2.27185		12.60998	13.68084	6.01632		7.35663
3.57186		8.17499		5.96665		5.39837		3.18331
3.07919		7.38282		5.09924		2.19311		3.20483
4.42831		2.65246		4.33874		2.40515		8.07992
3.27596		11.14292	5.55656		2.77817		3.77013
4.35419		8.09378		4.23276		3.67186		2.74103
2.67856		8.76665		3.28359		3.10726		3.17715
9.18336		12.14279	5.53436		37.94409	3.17045
5.94752		8.15876		4.79388		6.8965		2.17345
3.63453		13.07647	4.31292		34.35897	2.58451
3.52289		13.65869	4.18712		4.46732		3.08409
8.02537		10.32534	5.14067		4.19517		6.16361
5.85382		9.0588		4.69381		4.7911		3.00703
3.01008		6.88867		3.92727		3.96127		3.59807
3.00131		3.2187		44.30037	10.09164	3.29679
2.86694		2.77425		32.40384	7.17892		4.41728
3.40161		7.24532		6.09992		6.53579		5.24617
5.14406		3.59489		4.56931		10.04766	3.83251
2.87825		4.33434		5.69613		8.53421		4.19776
3.16852		5.81395		5.13641		11.85434	5.72319
4.3784		4.04631		5.97858		9.39711		5.39067
3.46244		6.76437		5.57377		14.24448	6.98802
3.21438		3.55187		4.15197		8.24374		5.09562
5.16668		6.08213		3.04322		6.7435		3.2187
5.05428		3.90559		14.12377	8.88073		6.70282
4.80459		3.14442		13.47033	0.9277		7.55179
8.25437		5.88101		11.66624	2.75285		7.8926
21.38832	7.09347		13.47364	5.16236		5.89555
11.55346	7.14471		15.31695	7.38233		8.52136
14.18081	7.60008		11.01818	6.288		5.23351
8.00627		9.17038		10.33307	3.53714		8.79636
6.96731		7.1867		14.61452	6.5108		6.34024
13.57951	8.46936		18.50464	6.19253		4.89668
12.97246	1.43708		1.09773		6.13769		7.39308
18.00671	3.50956		3.48581		7.39176		5.60699
10.51938	2.83918		4.02833		6.65547		7.59707
4.55511		7.67785		4.13558		23.55761	6.02946
7.16158		2.70404		4.24539		4.44609		47.42479
7.81484		3.1563		3.02006		5.39176		20.0861
7.84079		3.31765		4.51913		9.36185		30.17762
7.91918		2.37734		5.29718		4.82432		18.83101
7.13705		4.59252		5.03791		4.73847		23.58757
12.49373	6.00758		3.66388		29.56892	5.45251
9.27743		5.93045		3.86429		8.94884		13.99454
8.629		8.65826		3.24068		5.29231		6.7104
7.0445		9.76199		2.7633		8.75948		11.50991
10.01786	4.93742		6.10648		4.49844		9.50528