63.54976	91.34572	27.66581	25.16331	54.71268
62.90732	98.13875	30.58291	36.65434	54.34517
71.97041	57.56901	30.61071	35.63601	68.73041
34.06563	93.35885	88.86203	61.01765	86.58084
50.38367	68.91226	28.80309	59.21785	36.15107
48.28142	90.56412	31.30214	21.40186	35.67415
63.07198	27.67484	31.13373	27.2114		86.79727
52.82257	81.1155		41.29245	29.69148	68.21143
63.28393	64.39482	28.52839	36.68782	36.81099
41.4986		77.59336	30.15873	35.34118	34.2338
83.41536	98.60085	51.64676	541.82628	34.93926
49.40907	57.45806	48.70161	102.25942	29.27349
35.56011	99.82954	45.72976	452.06322	28.61402
38.1608		107.95079	45.4178		59.21995	36.48836
82.09102	76.26369	39.12975	57.43166	72.13342
60.45913	67.56665	41.46728	70.07758	36.86147
33.14298	47.6599		35.11631	59.35845	38.03974
39.47498	31.49011	298.42551	147.03979	39.27344
34.35895	38.09495	174.25732	110.53351	47.96163
32.18787	66.49157	46.17168	92.0268		60.59982
63.61404	38.15061	29.99319	133.27221	50.6886
23.61253	44.39098	37.38206	94.82808	56.73501
36.91236	62.08751	44.98284	132.50526	66.09254
41.89693	37.03951	42.46483	105.93939	66.43194
42.15994	64.85		45.17344	157.5987	87.88891
31.39599	38.44734	38.00114	89.96932	62.35697
51.53072	70.62396	25.06171	69.42564	56.54541
40.30048	47.32249	89.8836		107.33518	79.29711
38.63331	43.18013	75.87253	7.05343		91.57677
55.96942	63.17399	74.98163	24.56393	94.47153
125.23905	66.33191	103.59163	45.28186	81.95848
80.77479	71.38931	99.32657	61.63708	114.97226
103.2789	83.17668	72.04819	49.70945	64.69058
62.49141	108.90636	87.3744		31.69793	107.19607
54.48493	73.02255	103.38877	60.34384	80.3
90.20712	81.04187	117.87449	59.45091	61.52635
79.10329	20.99173	8.86973		60.93511	92.68012
111.86583	33.71192	29.89108	71.22253	71.96315
72.33744	34.77438	34.21986	64.32399	88.6187
45.91916	92.61146	37.30995	322.92545	73.34282
70.52684	27.46378	37.88596	58.9967		481.67237
81.67799	31.75027	27.20385	65.96002	207.60973
91.60781	35.73024	41.6053		125.01922	373.70185
86.75886	28.81122	46.51422	60.78732	223.19137
75.42388	44.18308	46.20923	60.40289	291.53924
132.86335	46.84236	33.57135	380.24115	88.20598
100.67492	55.76716	44.70552	111.07039	185.57834
94.23206	69.63546	37.85828	64.09476	88.02817
100.3007	65.42362	41.11267	122.32521	148.93696
73.81272	36.97527	52.28239	67.80902	127.79438