14.19696	8.78727		11.23881	8.10872		13.15727
12.71381	7.18153		8.01732		10.25928	14.83997
12.62658	11.46085	6.41523		8.75419		12.15061
14.99468	7.40357		6.49536		10.14202	11.7691
14.10571	8.42964		4.82735		10.96958	11.35645
15.6799		12.26687	6.13858		9.75867		11.13137
14.2429		10.43366	7.17576		11.31383	10.74234
16.12432	7.27956		7.4313		10.68744	18.09261
14.53402	7.95608		6.73991		9.99161		13.42961
15.49287	8.85097		9.18468		11.37373	10.77501
9.08331		8.12011		9.33201		14.27959	11.02027
8.30751		7.0425		10.15912	14.82773	13.4687
9.78397		7.63429		10.60297	13.15706	11.07135
10.83224	7.90345		10.84702	13.25627	11.83114
10.22894	7.38607		7.6118		13.68995	11.70311
10.32815	7.45868		8.83447		14.62662	12.25845
11.01067	6.9186		8.94166		14.98469	10.57226
13.1526		9.78349		6.73641		14.57046	11.91263
11.98453	13.73161	5.37767		15.39696	10.85773
9.46253		9.17717		7.56922		14.08044	11.55125
12.3665		10.61246	6.56405		13.26401	13.22596
8.20378		10.2417		6.56271		11.11152	13.51556
11.64973	10.67906	8.75764		11.17778	11.5482
9.56901		9.1539		7.10283		11.27361	12.32351
12.17635	9.58699		8.10465		11.06384	12.57708
9.76734		10.82454	9.15256		10.91366	12.23736
9.97367		11.61172	8.23527		10.29519	17.56778
7.97353		12.11662	6.364		12.0863		11.83041
8.04091		13.73228	5.63257		7.60318		12.1265
6.78058		10.74204	6.42723		8.92307		11.96964
5.85549		9.35113		7.68846		8.77155		13.90175
6.99139		9.99191		6.48475		8.34927		13.49224
7.283		10.94419	6.53902		7.90545		12.36085
7.8053		11.87588	8.4558		8.96146		12.18641
7.82008		10.16079	7.07439		9.26827		12.66514
6.64289		9.56883		6.36999		9.60043		12.5649
6.09778		14.60722	8.08009		9.92802		12.53606
6.21245		9.60573		8.57508		9.6354		12.83455
6.87659		12.24804	8.49481		9.66482		11.66485
10.08081	12.06216	9.02169		13.70791	12.16407
9.84795		10.15658	8.92403		13.26934	10.15655
10.45165	10.05932	9.00771		12.23348	10.33599
11.6835		10.76973	9.20649		13.35411	12.38341
10.95553	12.1191		8.78094		12.60019	11.85233
10.56793	9.62066		9.17229		12.74735	12.35987
10.63441	7.79721		9.1628		12.85949	16.17712
10.8516		9.40353		11.56889	12.41171	13.26077
10.92039	8.04266		11.6822		12.11092	13.11816
14.23816	6.70187		14.87812	13.9649		12.93989
7.36811		7.48879		8.56179		15.07391	13.44456