1.15	0.6	0.9	0.85	1.05
1.15	0.9	0.7	1	0.95
1.15	0.85	0.45	0.95	1
1.15	0.9	0.65	0.9	0.95
1.2	0.95	0.65	1	1
1.2	0.65	0.65	0.85	0.85
1.25	0.8	0.7	0.9	0.85
1.2	0.7	0.7	0.95	1.1
1.35	0.6	0.7	0.85	0.9
1	0.8	0.9	0.85	1.2
0.9	0.85	0.8	0.9	0.85
0.95	0.7	0.85	1	0.9
0.8	0.65	0.8	0.9	1.05
0.9	0.85	0.85	1.1	1.15
0.9	1	0.85	1.2	0.9
0.95	0.85	0.85	0.9	0.9
0.9	0.7	0.9	0.9	1.05
0.8	0.85	0.85	1.3	1.05
0.9	0.85	0.55	1.35	1.1
0.95	0.9	0.65	1.1	1.15
0.95	0.95	0.85	1.15	0.85
0.9	0.9	0.75	1.05	0.85
0.8	0.9	0.75	0.85	0.95
0.9	0.95	0.8	0.95	0.95
0.6	0.95	0.8	0.95	0.9
0.75	0.9	0.9	1.2	1.05
0.65	1.1	0.55	1	1
0.6	1.05	0.65	1	1.05
0.6	1.05	0.7	0.5	1.05
0.7	0.95	0.65	0.65	1
1.1	1.2	0.7	0.8	1.05
1	1.1	0.8	0.75	0.8
1.05	1.2	0.65	0.85	1
0.75	1.15	0.75	0.95	0.95
0.8	1.05	0.75	0.95	1.1
1	1.1	0.75	0.95	1
1	1	0.75	0.95	0.9
1.05	1	0.95	0.95	1
1.05	1.1	0.95	0.95	0.9
1.05	0.9	1	1.15	0.95
1.15	0.8	1	1.1	1.2
1.2	0.85	1	1.15	1.15
1.15	1.05	1	0.7	1.25
1.2	0.9	1	1.15	1.3
1.3	1	1.05	1	1.05
1.2	1.1	1	1.1	1.05
1.2	1.05	0.8	0.9	1
1.15	1.15	0.9	1	1.3
1.1	0.8	0.9	1.3	1.25
1.05	0.8	0.85	1.3	1.3